1,   1,   8, 158,  63
2,   8,   9, 159, 158
3,   9,  10, 160, 159
4,  10,  11, 161, 160
5,  11,  12, 162, 161
6,  12,  13, 163, 162
7,  13,  14, 164, 163
8,  14,  15, 165, 164
9,  15,  16, 166, 165
10,  16,  17, 167, 166
11,  17,  18, 168, 167
12,  18,  19, 169, 168
13,  19,  20, 170, 169
14,  20,  21, 171, 170
15,  21,  22, 172, 171
16,  22,  23, 173, 172
17,  23,  24, 174, 173
18,  24,  25, 175, 174
19,  25,  26, 176, 175
20,  26,  27, 177, 176
21,  27,  28, 178, 177
22,  28,  29, 179, 178
23,  29,  30, 180, 179
24,  30,   2,  31, 180
25,  63, 158, 181,  62
26, 158, 159, 182, 181
27, 159, 160, 183, 182
28, 160, 161, 184, 183
29, 161, 162, 185, 184
30, 162, 163, 186, 185
31, 163, 164, 187, 186
32, 164, 165, 188, 187
33, 165, 166, 189, 188
34, 166, 167, 190, 189
35, 167, 168, 191, 190
36, 168, 169, 192, 191
37, 169, 170, 193, 192
38, 170, 171, 194, 193
39, 171, 172, 195, 194
40, 172, 173, 196, 195
41, 173, 174, 197, 196
42, 174, 175, 198, 197
43, 175, 176, 199, 198
44, 176, 177, 200, 199
45, 177, 178, 201, 200
46, 178, 179, 202, 201
47, 179, 180, 203, 202
48, 180,  31,  32, 203
49,  62, 181, 204,  61
50, 181, 182, 205, 204
51, 182, 183, 206, 205
52, 183, 184, 207, 206
53, 184, 185, 208, 207
54, 185, 186, 209, 208
55, 186, 187, 210, 209
56, 187, 188, 211, 210
57, 188, 189, 212, 211
58, 189, 190, 213, 212
59, 190, 191, 214, 213
60, 191, 192, 215, 214
61, 192, 193, 216, 215
62, 193, 194, 217, 216
63, 194, 195, 218, 217
64, 195, 196, 219, 218
65, 196, 197, 220, 219
66, 197, 198, 221, 220
67, 198, 199, 222, 221
68, 199, 200, 223, 222
69, 200, 201, 224, 223
70, 201, 202, 225, 224
71, 202, 203, 226, 225
72, 203,  32,  33, 226
73,  61, 204, 227,  60
74, 204, 205, 228, 227
75, 205, 206, 229, 228
76, 206, 207, 230, 229
77, 207, 208, 231, 230
78, 208, 209, 232, 231
79, 209, 210, 233, 232
80, 210, 211, 234, 233
81, 211, 212, 235, 234
82, 212, 213, 236, 235
83, 213, 214, 237, 236
84, 214, 215, 238, 237
85, 215, 216, 239, 238
86, 216, 217, 240, 239
87, 217, 218, 241, 240
88, 218, 219, 242, 241
89, 219, 220, 243, 242
90, 220, 221, 244, 243
91, 221, 222, 245, 244
92, 222, 223, 246, 245
93, 223, 224, 247, 246
94, 224, 225, 248, 247
95, 225, 226, 249, 248
96, 226,  33,  34, 249
97,  60, 227, 250,  59
98, 227, 228, 251, 250
99, 228, 229, 252, 251
100, 229, 230, 253, 252
101, 230, 231, 254, 253
102, 231, 232, 255, 254
103, 232, 233, 256, 255
104, 233, 234, 257, 256
105, 234, 235, 258, 257
106, 235, 236, 259, 258
107, 236, 237, 260, 259
108, 237, 238, 261, 260
109, 238, 239, 262, 261
110, 239, 240, 263, 262
111, 240, 241, 264, 263
112, 241, 242, 265, 264
113, 242, 243, 266, 265
114, 243, 244, 267, 266
115, 244, 245, 268, 267
116, 245, 246, 269, 268
117, 246, 247, 270, 269
118, 247, 248, 271, 270
119, 248, 249, 272, 271
120, 249,  34,  35, 272
121,  59, 250,  58,   4
122, 250, 251,  57,  58
123, 251, 252,  56,  57
124, 252, 253,  55,  56
125, 253, 254,  54,  55
126, 254, 255,  53,  54
127, 255, 256,  52,  53
128, 256, 257,  51,  52
129, 257, 258,  50,  51
130, 258, 259,  49,  50
131, 259, 260,  48,  49
132, 260, 261,  47,  48
133, 261, 262,  46,  47
134, 262, 263,  45,  46
135, 263, 264,  44,  45
136, 264, 265,  43,  44
137, 265, 266,  42,  43
138, 266, 267,  41,  42
139, 267, 268,  40,  41
140, 268, 269,  39,  40
141, 269, 270,  38,  39
142, 270, 271,  37,  38
143, 271, 272,  36,  37
144, 272,  35,   3,  36
145,   3,  64, 273,  36
146,  64,  65, 274, 273
147,  65,  66, 275, 274
148,  66,  67, 276, 275
149,  67,  68, 277, 276
150,  68,  69, 278, 277
151,  69,  70, 279, 278
152,  70,  71, 280, 279
153,  71,  72, 281, 280
154,  72,  73, 282, 281
155,  73,  74, 283, 282
156,  74,  75, 284, 283
157,  75,  76, 285, 284
158,  76,  77, 286, 285
159,  77,  78, 287, 286
160,  78,  79, 288, 287
161,  79,  80, 289, 288
162,  80,  81, 290, 289
163,  81,  82, 291, 290
164,  82,  83, 292, 291
165,  83,  84, 293, 292
166,  84,  85, 294, 293
167,  85,   5,  86, 294
168,  36, 273, 295,  37
169, 273, 274, 296, 295
170, 274, 275, 297, 296
171, 275, 276, 298, 297
172, 276, 277, 299, 298
173, 277, 278, 300, 299
174, 278, 279, 301, 300
175, 279, 280, 302, 301
176, 280, 281, 303, 302
177, 281, 282, 304, 303
178, 282, 283, 305, 304
179, 283, 284, 306, 305
180, 284, 285, 307, 306
181, 285, 286, 308, 307
182, 286, 287, 309, 308
183, 287, 288, 310, 309
184, 288, 289, 311, 310
185, 289, 290, 312, 311
186, 290, 291, 313, 312
187, 291, 292, 314, 313
188, 292, 293, 315, 314
189, 293, 294, 316, 315
190, 294,  86,  87, 316
191,  37, 295, 317,  38
192, 295, 296, 318, 317
193, 296, 297, 319, 318
194, 297, 298, 320, 319
195, 298, 299, 321, 320
196, 299, 300, 322, 321
197, 300, 301, 323, 322
198, 301, 302, 324, 323
199, 302, 303, 325, 324
200, 303, 304, 326, 325
201, 304, 305, 327, 326
202, 305, 306, 328, 327
203, 306, 307, 329, 328
204, 307, 308, 330, 329
205, 308, 309, 331, 330
206, 309, 310, 332, 331
207, 310, 311, 333, 332
208, 311, 312, 334, 333
209, 312, 313, 335, 334
210, 313, 314, 336, 335
211, 314, 315, 337, 336
212, 315, 316, 338, 337
213, 316,  87,  88, 338
214,  38, 317, 339,  39
215, 317, 318, 340, 339
216, 318, 319, 341, 340
217, 319, 320, 342, 341
218, 320, 321, 343, 342
219, 321, 322, 344, 343
220, 322, 323, 345, 344
221, 323, 324, 346, 345
222, 324, 325, 347, 346
223, 325, 326, 348, 347
224, 326, 327, 349, 348
225, 327, 328, 350, 349
226, 328, 329, 351, 350
227, 329, 330, 352, 351
228, 330, 331, 353, 352
229, 331, 332, 354, 353
230, 332, 333, 355, 354
231, 333, 334, 356, 355
232, 334, 335, 357, 356
233, 335, 336, 358, 357
234, 336, 337, 359, 358
235, 337, 338, 360, 359
236, 338,  88,  89, 360
237,  39, 339, 361,  40
238, 339, 340, 362, 361
239, 340, 341, 363, 362
240, 341, 342, 364, 363
241, 342, 343, 365, 364
242, 343, 344, 366, 365
243, 344, 345, 367, 366
244, 345, 346, 368, 367
245, 346, 347, 369, 368
246, 347, 348, 370, 369
247, 348, 349, 371, 370
248, 349, 350, 372, 371
249, 350, 351, 373, 372
250, 351, 352, 374, 373
251, 352, 353, 375, 374
252, 353, 354, 376, 375
253, 354, 355, 377, 376
254, 355, 356, 378, 377
255, 356, 357, 379, 378
256, 357, 358, 380, 379
257, 358, 359, 381, 380
258, 359, 360, 382, 381
259, 360,  89,  90, 382
260,  40, 361, 383,  41
261, 361, 362, 384, 383
262, 362, 363, 385, 384
263, 363, 364, 386, 385
264, 364, 365, 387, 386
265, 365, 366, 388, 387
266, 366, 367, 389, 388
267, 367, 368, 390, 389
268, 368, 369, 391, 390
269, 369, 370, 392, 391
270, 370, 371, 393, 392
271, 371, 372, 394, 393
272, 372, 373, 395, 394
273, 373, 374, 396, 395
274, 374, 375, 397, 396
275, 375, 376, 398, 397
276, 376, 377, 399, 398
277, 377, 378, 400, 399
278, 378, 379, 401, 400
279, 379, 380, 402, 401
280, 380, 381, 403, 402
281, 381, 382, 404, 403
282, 382,  90,  91, 404
283,  41, 383, 405,  42
284, 383, 384, 406, 405
285, 384, 385, 407, 406
286, 385, 386, 408, 407
287, 386, 387, 409, 408
288, 387, 388, 410, 409
289, 388, 389, 411, 410
290, 389, 390, 412, 411
291, 390, 391, 413, 412
292, 391, 392, 414, 413
293, 392, 393, 415, 414
294, 393, 394, 416, 415
295, 394, 395, 417, 416
296, 395, 396, 418, 417
297, 396, 397, 419, 418
298, 397, 398, 420, 419
299, 398, 399, 421, 420
300, 399, 400, 422, 421
301, 400, 401, 423, 422
302, 401, 402, 424, 423
303, 402, 403, 425, 424
304, 403, 404, 426, 425
305, 404,  91,  92, 426
306,  42, 405, 427,  43
307, 405, 406, 428, 427
308, 406, 407, 429, 428
309, 407, 408, 430, 429
310, 408, 409, 431, 430
311, 409, 410, 432, 431
312, 410, 411, 433, 432
313, 411, 412, 434, 433
314, 412, 413, 435, 434
315, 413, 414, 436, 435
316, 414, 415, 437, 436
317, 415, 416, 438, 437
318, 416, 417, 439, 438
319, 417, 418, 440, 439
320, 418, 419, 441, 440
321, 419, 420, 442, 441
322, 420, 421, 443, 442
323, 421, 422, 444, 443
324, 422, 423, 445, 444
325, 423, 424, 446, 445
326, 424, 425, 447, 446
327, 425, 426, 448, 447
328, 426,  92,  93, 448
329,  43, 427, 449,  44
330, 427, 428, 450, 449
331, 428, 429, 451, 450
332, 429, 430, 452, 451
333, 430, 431, 453, 452
334, 431, 432, 454, 453
335, 432, 433, 455, 454
336, 433, 434, 456, 455
337, 434, 435, 457, 456
338, 435, 436, 458, 457
339, 436, 437, 459, 458
340, 437, 438, 460, 459
341, 438, 439, 461, 460
342, 439, 440, 462, 461
343, 440, 441, 463, 462
344, 441, 442, 464, 463
345, 442, 443, 465, 464
346, 443, 444, 466, 465
347, 444, 445, 467, 466
348, 445, 446, 468, 467
349, 446, 447, 469, 468
350, 447, 448, 470, 469
351, 448,  93,  94, 470
352,  44, 449, 471,  45
353, 449, 450, 472, 471
354, 450, 451, 473, 472
355, 451, 452, 474, 473
356, 452, 453, 475, 474
357, 453, 454, 476, 475
358, 454, 455, 477, 476
359, 455, 456, 478, 477
360, 456, 457, 479, 478
361, 457, 458, 480, 479
362, 458, 459, 481, 480
363, 459, 460, 482, 481
364, 460, 461, 483, 482
365, 461, 462, 484, 483
366, 462, 463, 485, 484
367, 463, 464, 486, 485
368, 464, 465, 487, 486
369, 465, 466, 488, 487
370, 466, 467, 489, 488
371, 467, 468, 490, 489
372, 468, 469, 491, 490
373, 469, 470, 492, 491
374, 470,  94,  95, 492
375,  45, 471, 493,  46
376, 471, 472, 494, 493
377, 472, 473, 495, 494
378, 473, 474, 496, 495
379, 474, 475, 497, 496
380, 475, 476, 498, 497
381, 476, 477, 499, 498
382, 477, 478, 500, 499
383, 478, 479, 501, 500
384, 479, 480, 502, 501
385, 480, 481, 503, 502
386, 481, 482, 504, 503
387, 482, 483, 505, 504
388, 483, 484, 506, 505
389, 484, 485, 507, 506
390, 485, 486, 508, 507
391, 486, 487, 509, 508
392, 487, 488, 510, 509
393, 488, 489, 511, 510
394, 489, 490, 512, 511
395, 490, 491, 513, 512
396, 491, 492, 514, 513
397, 492,  95,  96, 514
398,  46, 493, 515,  47
399, 493, 494, 516, 515
400, 494, 495, 517, 516
401, 495, 496, 518, 517
402, 496, 497, 519, 518
403, 497, 498, 520, 519
404, 498, 499, 521, 520
405, 499, 500, 522, 521
406, 500, 501, 523, 522
407, 501, 502, 524, 523
408, 502, 503, 525, 524
409, 503, 504, 526, 525
410, 504, 505, 527, 526
411, 505, 506, 528, 527
412, 506, 507, 529, 528
413, 507, 508, 530, 529
414, 508, 509, 531, 530
415, 509, 510, 532, 531
416, 510, 511, 533, 532
417, 511, 512, 534, 533
418, 512, 513, 535, 534
419, 513, 514, 536, 535
420, 514,  96,  97, 536
421,  47, 515, 537,  48
422, 515, 516, 538, 537
423, 516, 517, 539, 538
424, 517, 518, 540, 539
425, 518, 519, 541, 540
426, 519, 520, 542, 541
427, 520, 521, 543, 542
428, 521, 522, 544, 543
429, 522, 523, 545, 544
430, 523, 524, 546, 545
431, 524, 525, 547, 546
432, 525, 526, 548, 547
433, 526, 527, 549, 548
434, 527, 528, 550, 549
435, 528, 529, 551, 550
436, 529, 530, 552, 551
437, 530, 531, 553, 552
438, 531, 532, 554, 553
439, 532, 533, 555, 554
440, 533, 534, 556, 555
441, 534, 535, 557, 556
442, 535, 536, 558, 557
443, 536,  97,  98, 558
444,  48, 537, 559,  49
445, 537, 538, 560, 559
446, 538, 539, 561, 560
447, 539, 540, 562, 561
448, 540, 541, 563, 562
449, 541, 542, 564, 563
450, 542, 543, 565, 564
451, 543, 544, 566, 565
452, 544, 545, 567, 566
453, 545, 546, 568, 567
454, 546, 547, 569, 568
455, 547, 548, 570, 569
456, 548, 549, 571, 570
457, 549, 550, 572, 571
458, 550, 551, 573, 572
459, 551, 552, 574, 573
460, 552, 553, 575, 574
461, 553, 554, 576, 575
462, 554, 555, 577, 576
463, 555, 556, 578, 577
464, 556, 557, 579, 578
465, 557, 558, 580, 579
466, 558,  98,  99, 580
467,  49, 559, 581,  50
468, 559, 560, 582, 581
469, 560, 561, 583, 582
470, 561, 562, 584, 583
471, 562, 563, 585, 584
472, 563, 564, 586, 585
473, 564, 565, 587, 586
474, 565, 566, 588, 587
475, 566, 567, 589, 588
476, 567, 568, 590, 589
477, 568, 569, 591, 590
478, 569, 570, 592, 591
479, 570, 571, 593, 592
480, 571, 572, 594, 593
481, 572, 573, 595, 594
482, 573, 574, 596, 595
483, 574, 575, 597, 596
484, 575, 576, 598, 597
485, 576, 577, 599, 598
486, 577, 578, 600, 599
487, 578, 579, 601, 600
488, 579, 580, 602, 601
489, 580,  99, 100, 602
490,  50, 581, 603,  51
491, 581, 582, 604, 603
492, 582, 583, 605, 604
493, 583, 584, 606, 605
494, 584, 585, 607, 606
495, 585, 586, 608, 607
496, 586, 587, 609, 608
497, 587, 588, 610, 609
498, 588, 589, 611, 610
499, 589, 590, 612, 611
500, 590, 591, 613, 612
501, 591, 592, 614, 613
502, 592, 593, 615, 614
503, 593, 594, 616, 615
504, 594, 595, 617, 616
505, 595, 596, 618, 617
506, 596, 597, 619, 618
507, 597, 598, 620, 619
508, 598, 599, 621, 620
509, 599, 600, 622, 621
510, 600, 601, 623, 622
511, 601, 602, 624, 623
512, 602, 100, 101, 624
513,  51, 603, 625,  52
514, 603, 604, 626, 625
515, 604, 605, 627, 626
516, 605, 606, 628, 627
517, 606, 607, 629, 628
518, 607, 608, 630, 629
519, 608, 609, 631, 630
520, 609, 610, 632, 631
521, 610, 611, 633, 632
522, 611, 612, 634, 633
523, 612, 613, 635, 634
524, 613, 614, 636, 635
525, 614, 615, 637, 636
526, 615, 616, 638, 637
527, 616, 617, 639, 638
528, 617, 618, 640, 639
529, 618, 619, 641, 640
530, 619, 620, 642, 641
531, 620, 621, 643, 642
532, 621, 622, 644, 643
533, 622, 623, 645, 644
534, 623, 624, 646, 645
535, 624, 101, 102, 646
536,  52, 625, 647,  53
537, 625, 626, 648, 647
538, 626, 627, 649, 648
539, 627, 628, 650, 649
540, 628, 629, 651, 650
541, 629, 630, 652, 651
542, 630, 631, 653, 652
543, 631, 632, 654, 653
544, 632, 633, 655, 654
545, 633, 634, 656, 655
546, 634, 635, 657, 656
547, 635, 636, 658, 657
548, 636, 637, 659, 658
549, 637, 638, 660, 659
550, 638, 639, 661, 660
551, 639, 640, 662, 661
552, 640, 641, 663, 662
553, 641, 642, 664, 663
554, 642, 643, 665, 664
555, 643, 644, 666, 665
556, 644, 645, 667, 666
557, 645, 646, 668, 667
558, 646, 102, 103, 668
559,  53, 647, 669,  54
560, 647, 648, 670, 669
561, 648, 649, 671, 670
562, 649, 650, 672, 671
563, 650, 651, 673, 672
564, 651, 652, 674, 673
565, 652, 653, 675, 674
566, 653, 654, 676, 675
567, 654, 655, 677, 676
568, 655, 656, 678, 677
569, 656, 657, 679, 678
570, 657, 658, 680, 679
571, 658, 659, 681, 680
572, 659, 660, 682, 681
573, 660, 661, 683, 682
574, 661, 662, 684, 683
575, 662, 663, 685, 684
576, 663, 664, 686, 685
577, 664, 665, 687, 686
578, 665, 666, 688, 687
579, 666, 667, 689, 688
580, 667, 668, 690, 689
581, 668, 103, 104, 690
582,  54, 669, 691,  55
583, 669, 670, 692, 691
584, 670, 671, 693, 692
585, 671, 672, 694, 693
586, 672, 673, 695, 694
587, 673, 674, 696, 695
588, 674, 675, 697, 696
589, 675, 676, 698, 697
590, 676, 677, 699, 698
591, 677, 678, 700, 699
592, 678, 679, 701, 700
593, 679, 680, 702, 701
594, 680, 681, 703, 702
595, 681, 682, 704, 703
596, 682, 683, 705, 704
597, 683, 684, 706, 705
598, 684, 685, 707, 706
599, 685, 686, 708, 707
600, 686, 687, 709, 708
601, 687, 688, 710, 709
602, 688, 689, 711, 710
603, 689, 690, 712, 711
604, 690, 104, 105, 712
605,  55, 691, 713,  56
606, 691, 692, 714, 713
607, 692, 693, 715, 714
608, 693, 694, 716, 715
609, 694, 695, 717, 716
610, 695, 696, 718, 717
611, 696, 697, 719, 718
612, 697, 698, 720, 719
613, 698, 699, 721, 720
614, 699, 700, 722, 721
615, 700, 701, 723, 722
616, 701, 702, 724, 723
617, 702, 703, 725, 724
618, 703, 704, 726, 725
619, 704, 705, 727, 726
620, 705, 706, 728, 727
621, 706, 707, 729, 728
622, 707, 708, 730, 729
623, 708, 709, 731, 730
624, 709, 710, 732, 731
625, 710, 711, 733, 732
626, 711, 712, 734, 733
627, 712, 105, 106, 734
628,  56, 713, 735,  57
629, 713, 714, 736, 735
630, 714, 715, 737, 736
631, 715, 716, 738, 737
632, 716, 717, 739, 738
633, 717, 718, 740, 739
634, 718, 719, 741, 740
635, 719, 720, 742, 741
636, 720, 721, 743, 742
637, 721, 722, 744, 743
638, 722, 723, 745, 744
639, 723, 724, 746, 745
640, 724, 725, 747, 746
641, 725, 726, 748, 747
642, 726, 727, 749, 748
643, 727, 728, 750, 749
644, 728, 729, 751, 750
645, 729, 730, 752, 751
646, 730, 731, 753, 752
647, 731, 732, 754, 753
648, 732, 733, 755, 754
649, 733, 734, 756, 755
650, 734, 106, 107, 756
651,  57, 735, 757,  58
652, 735, 736, 758, 757
653, 736, 737, 759, 758
654, 737, 738, 760, 759
655, 738, 739, 761, 760
656, 739, 740, 762, 761
657, 740, 741, 763, 762
658, 741, 742, 764, 763
659, 742, 743, 765, 764
660, 743, 744, 766, 765
661, 744, 745, 767, 766
662, 745, 746, 768, 767
663, 746, 747, 769, 768
664, 747, 748, 770, 769
665, 748, 749, 771, 770
666, 749, 750, 772, 771
667, 750, 751, 773, 772
668, 751, 752, 774, 773
669, 752, 753, 775, 774
670, 753, 754, 776, 775
671, 754, 755, 777, 776
672, 755, 756, 778, 777
673, 756, 107, 108, 778
674,  58, 757, 130,   4
675, 757, 758, 129, 130
676, 758, 759, 128, 129
677, 759, 760, 127, 128
678, 760, 761, 126, 127
679, 761, 762, 125, 126
680, 762, 763, 124, 125
681, 763, 764, 123, 124
682, 764, 765, 122, 123
683, 765, 766, 121, 122
684, 766, 767, 120, 121
685, 767, 768, 119, 120
686, 768, 769, 118, 119
687, 769, 770, 117, 118
688, 770, 771, 116, 117
689, 771, 772, 115, 116
690, 772, 773, 114, 115
691, 773, 774, 113, 114
692, 774, 775, 112, 113
693, 775, 776, 111, 112
694, 776, 777, 110, 111
695, 777, 778, 109, 110
696, 778, 108,   6, 109
697,   6, 131, 779, 109
698, 131, 132, 780, 779
699, 132, 133, 781, 780
700, 133, 134, 782, 781
701, 134, 135, 783, 782
702, 135,   7, 136, 783
703, 109, 779, 784, 110
704, 779, 780, 785, 784
705, 780, 781, 786, 785
706, 781, 782, 787, 786
707, 782, 783, 788, 787
708, 783, 136, 137, 788
709, 110, 784, 789, 111
710, 784, 785, 790, 789
711, 785, 786, 791, 790
712, 786, 787, 792, 791
713, 787, 788, 793, 792
714, 788, 137, 138, 793
715, 111, 789, 794, 112
716, 789, 790, 795, 794
717, 790, 791, 796, 795
718, 791, 792, 797, 796
719, 792, 793, 798, 797
720, 793, 138, 139, 798
721, 112, 794, 799, 113
722, 794, 795, 800, 799
723, 795, 796, 801, 800
724, 796, 797, 802, 801
725, 797, 798, 803, 802
726, 798, 139, 140, 803
727, 113, 799, 804, 114
728, 799, 800, 805, 804
729, 800, 801, 806, 805
730, 801, 802, 807, 806
731, 802, 803, 808, 807
732, 803, 140, 141, 808
733, 114, 804, 809, 115
734, 804, 805, 810, 809
735, 805, 806, 811, 810
736, 806, 807, 812, 811
737, 807, 808, 813, 812
738, 808, 141, 142, 813
739, 115, 809, 814, 116
740, 809, 810, 815, 814
741, 810, 811, 816, 815
742, 811, 812, 817, 816
743, 812, 813, 818, 817
744, 813, 142, 143, 818
745, 116, 814, 819, 117
746, 814, 815, 820, 819
747, 815, 816, 821, 820
748, 816, 817, 822, 821
749, 817, 818, 823, 822
750, 818, 143, 144, 823
751, 117, 819, 824, 118
752, 819, 820, 825, 824
753, 820, 821, 826, 825
754, 821, 822, 827, 826
755, 822, 823, 828, 827
756, 823, 144, 145, 828
757, 118, 824, 829, 119
758, 824, 825, 830, 829
759, 825, 826, 831, 830
760, 826, 827, 832, 831
761, 827, 828, 833, 832
762, 828, 145, 146, 833
763, 119, 829, 834, 120
764, 829, 830, 835, 834
765, 830, 831, 836, 835
766, 831, 832, 837, 836
767, 832, 833, 838, 837
768, 833, 146, 147, 838
769, 120, 834, 839, 121
770, 834, 835, 840, 839
771, 835, 836, 841, 840
772, 836, 837, 842, 841
773, 837, 838, 843, 842
774, 838, 147, 148, 843
775, 121, 839, 844, 122
776, 839, 840, 845, 844
777, 840, 841, 846, 845
778, 841, 842, 847, 846
779, 842, 843, 848, 847
780, 843, 148, 149, 848
781, 122, 844, 849, 123
782, 844, 845, 850, 849
783, 845, 846, 851, 850
784, 846, 847, 852, 851
785, 847, 848, 853, 852
786, 848, 149, 150, 853
787, 123, 849, 854, 124
788, 849, 850, 855, 854
789, 850, 851, 856, 855
790, 851, 852, 857, 856
791, 852, 853, 858, 857
792, 853, 150, 151, 858
793, 124, 854, 859, 125
794, 854, 855, 860, 859
795, 855, 856, 861, 860
796, 856, 857, 862, 861
797, 857, 858, 863, 862
798, 858, 151, 152, 863
799, 125, 859, 864, 126
800, 859, 860, 865, 864
801, 860, 861, 866, 865
802, 861, 862, 867, 866
803, 862, 863, 868, 867
804, 863, 152, 153, 868
805, 126, 864, 869, 127
806, 864, 865, 870, 869
807, 865, 866, 871, 870
808, 866, 867, 872, 871
809, 867, 868, 873, 872
810, 868, 153, 154, 873
811, 127, 869, 874, 128
812, 869, 870, 875, 874
813, 870, 871, 876, 875
814, 871, 872, 877, 876
815, 872, 873, 878, 877
816, 873, 154, 155, 878
817, 128, 874, 879, 129
818, 874, 875, 880, 879
819, 875, 876, 881, 880
820, 876, 877, 882, 881
821, 877, 878, 883, 882
822, 878, 155, 156, 883
823, 129, 879, 884, 130
824, 879, 880, 885, 884
825, 880, 881, 886, 885
826, 881, 882, 887, 886
827, 882, 883, 888, 887
828, 883, 156, 157, 888
829, 130, 884,  59,   4
830, 884, 885,  60,  59
831, 885, 886,  61,  60
832, 886, 887,  62,  61
833, 887, 888,  63,  62
834, 888, 157,   1,  63
