1,   10.7823553,    10.427886
2,           0.,          15.
3,           0.,   11.8965521
4,   9.66773129,   9.34636879
5,           0.,           0.
6,          12.,           0.
7,          15.,           0.
8,    10.427886,   10.7823553
9,   10.0617714,   11.1247816
10,   9.68441772,   11.4547825
11,   9.29624844,   11.7719908
12,    8.8976965,   12.0760508
13,   8.48920631,   12.3666239
14,   8.07123566,    12.643384
15,   7.64424944,    12.906024
16,   7.20872641,   13.1542492
17,   6.76515198,   13.3877821
18,   6.31402159,   13.6063633
19,   5.85583925,   13.8097486
20,   5.39111662,   13.9977093
21,   4.92037296,   14.1700363
22,   4.44413376,   14.3265371
23,   3.96293092,   14.4670372
24,   3.47730231,   14.5913801
25,   2.98778987,   14.6994257
26,   2.49494028,   14.7910538
27,   1.99930429,   14.8661623
28,    1.5014354,   14.9246674
29,   1.00188947,   14.9665031
30,  0.501224637,   14.9916239
31,           0.,   14.4827585
32,           0.,    13.965517
33,           0.,   13.4482756
34,           0.,   12.9310341
35,           0.,   12.4137936
36,  0.438430369,   11.9125986
37,  0.877761364,    11.923254
38,   1.31740665,    11.925725
39,   1.75697887,   11.9179382
40,   2.19610238,   11.8986759
41,   2.63439178,   11.8672981
42,   3.07145548,   11.8234425
43,    3.5068953,   11.7669134
44,   3.94030738,   11.6976261
45,   4.37128353,   11.6155519
46,   4.79940844,   11.5206871
47,   5.22424889,   11.4130116
48,   5.64534855,   11.2924728
49,   6.06222153,   11.1589794
50,   6.47434616,    11.012413
51,   6.88117218,   10.8526516
52,   7.28212929,   10.6796131
53,   7.67664719,   10.4933186
54,   8.06414318,   10.2939491
55,   8.44407368,   10.0820999
56,   8.81355667,   9.86240005
57,   9.16147614,   9.64983749
58,   9.46425819,   9.47007561
59,   9.77751732,   9.46053505
60,   9.93931961,     9.622509
61,   10.1313772,   9.80726242
62,   10.3387899,   10.0044918
63,   10.5554485,   10.2111158
64,           0.,   11.3793106
65,           0.,   10.8620691
66,           0.,   10.3448277
67,           0.,   9.82758617
68,           0.,    9.3103447
69,           0.,   8.79310322
70,           0.,   8.27586174
71,           0.,   7.75862074
72,           0.,   7.24137926
73,           0.,   6.72413778
74,           0.,   6.20689678
75,           0.,    5.6896553
76,           0.,   5.17241383
77,           0.,   4.65517235
78,           0.,   4.13793087
79,           0.,   3.62068963
80,           0.,   3.10344839
81,           0.,   2.58620691
82,           0.,   2.06896544
83,           0.,    1.5517242
84,           0.,   1.03448272
85,           0.,  0.517241359
86,          0.5,           0.
87,           1.,           0.
88,          1.5,           0.
89,           2.,           0.
90,          2.5,           0.
91,           3.,           0.
92,          3.5,           0.
93,           4.,           0.
94,          4.5,           0.
95,           5.,           0.
96,          5.5,           0.
97,           6.,           0.
98,          6.5,           0.
99,           7.,           0.
100,          7.5,           0.
101,           8.,           0.
102,          8.5,           0.
103,           9.,           0.
104,          9.5,           0.
105,          10.,           0.
106,         10.5,           0.
107,          11.,           0.
108,         11.5,           0.
109,   12.0163651,  0.440464079
110,   12.0271225,  0.881863654
111,   12.0294399,   1.32359219
112,   12.0212822,   1.76524436
113,   12.0014486,   2.20642948
114,   11.9693012,   2.64674997
115,   11.9244804,   3.08580351
116,   11.8668003,   3.52318263
117,   11.7961884,   3.95847511
118,   11.7126236,   4.39126348
119,   11.6160984,   4.82111835
120,   11.5065775,   5.24759102
121,   11.3839874,   5.67020416
122,   11.2482243,   6.08844614
123,   11.0991821,   6.50176954
124,   10.9368172,   6.90959692
125,   10.7612572,   7.31132412
126,   10.5730095,    7.7062912
127,   10.3735065,   8.09377384
128,   10.1674871,   8.47077465
129,   9.96674156,   8.82627869
130,   9.79203129,   9.13665485
131,         12.5,           0.
132,          13.,           0.
133,         13.5,           0.
134,          14.,           0.
135,         14.5,           0.
136,   14.9916239,  0.501224637
137,   14.9665031,   1.00188947
138,   14.9246674,    1.5014354
139,   14.8661623,   1.99930429
140,   14.7910538,   2.49494028
141,   14.6994257,   2.98778987
142,   14.5913801,   3.47730231
143,   14.4670372,   3.96293092
144,   14.3265371,   4.44413376
145,   14.1700363,   4.92037296
146,   13.9977093,   5.39111662
147,   13.8097486,   5.85583925
148,   13.6063633,   6.31402159
149,   13.3877821,   6.76515198
150,   13.1542492,   7.20872641
151,    12.906024,   7.64424944
152,    12.643384,   8.07123566
153,   12.3666239,   8.48920631
154,   12.0760508,    8.8976965
155,   11.7719908,   9.29624844
156,   11.4547825,   9.68441772
157,   11.1247816,   10.0617714
158,   10.2112112,   10.5537863
159,   9.85216236,   10.8821373
160,   9.48064232,   11.1969318
161,    9.0980072,   11.4984131
162,   8.70512009,   11.7865238
163,   8.30261326,   12.0610676
164,   7.89102936,   12.3218021
165,   7.47088242,   12.5684834
166,   7.04267931,   12.8008919
167,   6.60692883,   13.0188265
168,   6.16413975,   13.2221022
169,   5.71482134,   13.4105453
170,   5.25948095,   13.5839863
171,   4.79862833,   13.7422647
172,   4.33277273,   13.8852234
173,   3.86242676,   14.0127201
174,   3.38810444,    14.124629
175,   2.91032553,   14.2208557
176,    2.4296093,   14.3013363
177,   1.94647658,   14.3660488
178,   1.46144485,   14.4150848
179,  0.975026786,   14.4491081
180,  0.487719804,     14.47019
181,   10.0021143,   10.3324556
182,   9.64950943,   10.6456137
183,   9.28364086,   10.9448681
184,    8.9063797,   11.2306137
185,    8.5189476,   11.5028915
186,   8.12217426,   11.7615643
187,   7.71670532,   12.0064411
188,   7.30311108,   12.2373409
189,   6.88193417,   12.4541092
190,   6.45370483,   12.6566153
191,   6.01894665,   12.8447504
192,   5.57817459,   13.0184069
193,    5.1318922,    13.177475
194,   4.68059969,   13.3218384
195,   4.22479105,   13.4513798
196,   3.76495886,   13.5659885
197,    3.3015976,   13.6655741
198,    2.8352015,    13.750083
199,   2.36626434,   13.8195143
200,   1.89527607,   13.8739262
201,   1.42271841,   13.9135809
202,  0.949056625,   13.9396591
203,  0.474721521,   13.9552164
204,   9.80414391,   10.1162796
205,   9.45951366,   10.4111824
206,   9.09984589,   10.6933203
207,   8.72788906,   10.9627228
208,   8.34554577,   11.2190418
209,   7.95401478,    11.461935
210,   7.55411768,   11.6911449
211,   7.14650917,    11.906496
212,   6.73177481,   12.1078777
213,   6.31047201,   12.2952223
214,   5.88313675,   12.4684887
215,   5.45028877,   12.6276321
216,   5.01242876,   12.7725973
217,   4.57004738,   12.9033127
218,   4.12362385,    13.019701
219,   3.67363262,   13.1216812
220,   3.22054577,   13.2091999
221,   2.76483488,   13.2822475
222,   2.30696774,   13.3408871
223,   1.84740353,   13.3852501
224,   1.38658917,   13.4157352
225,  0.924943805,   13.4337997
226,  0.462745488,   13.4429083
227,    9.6325016,   9.90316105
228,   9.30102444,   10.1725807
229,   8.94891071,   10.4339161
230,   8.58176231,   10.6856918
231,   8.20338058,   10.9258566
232,   7.81576347,   11.1532211
233,   7.42004108,   11.3672047
234,   7.01698637,   11.5675411
235,   6.60723591,   11.7541237
236,   6.19137096,   11.9269276
237,    5.7699399,   12.0859642
238,   5.34346581,   12.2312469
239,    4.9124465,   12.3627691
240,   4.47736216,   12.4805021
241,   4.03867722,   12.5844049
242,   3.59684801,   12.6744318
243,   3.15232611,   12.7505617
244,   2.70556021,   12.8128328
245,   2.25699186,   12.8613596
246,   1.80705369,   12.8963432
247,   1.35616446,   12.9182987
248,  0.904669166,   12.9288902
249,  0.452693552,   12.9315186
250,   9.51338196,   9.69094372
251,   9.20152283,   9.92098618
252,   8.85702801,   10.1559029
253,   8.49253845,   10.3887911
254,   8.11547852,   10.6131668
255,    7.7291832,   10.8257751
256,   7.33508205,   11.0254478
257,   6.93402624,   11.2117653
258,   6.52667618,   11.3846035
259,   6.11362267,   11.5439663
260,   5.69541836,   11.6899052
261,   5.27258825,   11.8224812
262,   4.84562397,   11.9417324
263,   4.41499519,   12.0476723
264,   3.98115277,   12.1402931
265,   3.54453421,   12.2195797
266,   3.10557079,   12.2855473
267,   2.66468811,   12.3382702
268,   2.22230506,   12.3779106
269,   1.77883315,   12.4047518
270,   1.33466399,   12.4194746
271,  0.890113473,   12.4237156
272,  0.445309341,   12.4204063
273,  0.439361274,    11.399087
274,  0.443938792,   10.8840122
275,  0.450285017,   10.3680363
276,  0.457212031,   9.85149193
277,  0.464084566,   9.33453941
278,  0.470598161,   8.81725979
279,  0.476619452,   8.29969692
280,  0.482096583,   7.78188515
281,  0.487014234,   7.26385307
282,  0.491372466,   6.74562645
283,  0.495176554,   6.22722816
284,  0.498432159,   5.70868111
285,  0.501142979,   5.19000387
286,  0.503310919,   4.67121601
287,  0.504936397,   4.15233517
288,  0.506020069,   3.63337898
289,  0.506565511,   3.11436439
290,  0.506581664,   2.59530783
291,  0.506083846,   2.07622576
292,  0.505094528,   1.55713308
293,  0.503660858,   1.03804755
294,  0.501897633,  0.518993616
295,  0.879712522,   11.4133043
296,  0.888572931,   10.9006367
297,  0.900964022,   10.3862324
298,  0.914611101,    9.8706789
299,  0.928236604,   9.35428905
300,  0.941200614,   8.83722878
301,  0.953211188,   8.31959724
302,  0.964149177,   7.80146694
303,  0.973975539,   7.28289366
304,  0.982686102,   6.76392937
305,   0.99028933,   6.24462271
306,  0.996795535,   5.72501659
307,   1.00221193,   5.20515108
308,   1.00654209,   4.68506432
309,   1.00978708,   4.16479063
310,   1.01194894,   3.64436626
311,    1.0130353,    3.1238246
312,   1.01306438,   2.60319972
313,   1.01206696,   2.08252287
314,   1.01008987,   1.56182504
315,   1.00723636,   1.04114068
316,   1.00374508,  0.520515203
317,   1.32051265,   11.4195862
318,   1.33358049,   10.9096975
319,   1.35188663,   10.3972626
320,    1.3721447,   9.88308716
321,   1.39245081,   9.36763382
322,   1.41182315,   8.85116196
323,   1.42979991,   8.33382511
324,    1.4461863,   7.81573391
325,   1.46091413,   7.29697657
326,   1.47397232,   6.77763319
327,   1.48537111,   6.25777435
328,   1.49512458,   5.73746634
329,   1.50324297,   5.21676922
330,   1.50973177,   4.69573879
331,   1.51459265,   4.17442894
332,   1.51782918,   3.65289259
333,   1.51945317,   3.13118076
334,   1.51949286,   2.60934353
335,   1.51799417,   2.08742785
336,   1.51502967,   1.56548023
337,   1.51076412,   1.04355073
338,   1.50556374,  0.521701097
339,    1.7613585,   11.4162178
340,   1.77864575,    10.909626
341,   1.80283022,    10.399642
342,   1.82965636,   9.88730621
343,   1.85661101,   9.37323761
344,   1.88237214,    8.8577919
345,   1.90630579,   8.34118462
346,   1.92813742,   7.82356596
347,   1.94776738,   7.30505753
348,   1.96517551,   6.78576612
349,   1.98037314,   6.26578712
350,   1.99337721,   5.74520826
351,   2.00420094,   5.22410965
352,   2.01285148,    4.7025671
353,   2.01933146,   4.18065166
354,   2.02364588,   3.65843415
355,    2.0258112,   3.13598228
356,   2.02586555,   2.61336303
357,   2.02386975,   2.09063935
358,   2.01992345,   1.56787217
359,   2.01425481,   1.04512572
360,    2.0073607,  0.522474647
361,   2.20188189,   11.4020767
362,   2.22344494,   10.8993692
363,   2.25352383,   10.3923721
364,   2.28691864,   9.88238525
365,   2.32052064,    9.3701973
366,   2.35267353,   8.85626793
367,   2.38257146,   8.34087372
368,    2.4098587,   7.82421017
369,   2.43440294,   7.30643177
370,   2.45617437,     6.787673
371,   2.47518444,   6.26805449
372,   2.49145293,   5.74768591
373,    2.5049963,   5.22666693
374,   2.51582289,   4.70509243
375,   2.52393603,   4.18305254
376,   2.52934241,   3.66063404
377,   2.53206348,   3.13792276
378,   2.53214669,   2.61500216
379,   2.52966857,   2.09195089
380,   2.52475548,   1.56884444
381,   2.51770067,   1.04575992
382,   2.50913358,  0.522781968
383,   2.64171696,   11.3764801
384,   2.66764164,   10.8782549
385,   2.70366406,   10.3748035
386,   2.74365807,   9.86770344
387,   2.78393221,    9.3579216
388,   2.82250071,   8.84602737
389,   2.85838723,   8.33236313
390,   2.89115572,   7.81716967
391,   2.92064095,   7.30063534
392,   2.94680285,    6.7829237
393,   2.96965265,   6.26417875
394,   2.98921347,   5.74453354
395,   3.00550413,   5.22410774
396,   3.01853418,   4.70301485
397,   3.02830839,   4.18136311
398,   3.03483462,   3.65925717
399,    3.0381391,   3.13680029
400,   3.03827906,    2.6140914
401,   3.03534603,   2.09122586
402,   3.02949429,   1.56829333
403,   3.02108288,   1.04538262
404,   3.01087332,  0.522586644
405,    3.0804913,   11.3390303
406,   3.11088753,   10.8458767
407,   3.15292716,   10.3465366
408,    3.1995759,   9.84287357
409,    3.2465682,   9.33604145
410,   3.29159498,   8.82671928
411,   3.33351231,   8.31532097
412,     3.371804,   7.80213261
413,   3.40627241,   7.28737736
414,   3.43686771,   6.77124643
415,   3.46360016,   6.25390959
416,   3.48649621,   5.73552132
417,   3.50557685,   5.21622229
418,   3.52085376,   4.69614506
419,   3.53233171,   4.17541552
420,    3.5400207,   3.65415645
421,   3.54395127,   3.13248682
422,   3.54419136,    2.6105237
423,   3.54084659,   2.08837795
424,   3.53409934,   1.56615305
425,   3.52437449,   1.04394889
426,   3.51256704,  0.521865368
427,   3.51782775,   11.2895041
428,   3.55282545,       10.802
429,   3.60097742,   10.3073387
430,     3.654356,   9.80767059
431,   3.70813274,   9.30434036
432,   3.75967932,   8.79814148
433,   3.80768633,    8.2895565
434,   3.85156059,   7.77891922
435,   3.89107132,   7.26648808
436,   3.92615891,   6.75248432
437,    3.9568336,    6.2371006
438,   3.98312402,   5.72051525
439,   4.00505447,   5.20288897
440,   4.02263737,   4.68437338
441,   4.03587818,   4.16511154
442,   4.04478931,    3.6452446
443,    4.0494051,   3.12490845
444,   4.04980373,    2.6042366
445,   4.04610729,    2.0833559
446,   4.03852415,   1.56238425
447,   4.02754545,    1.0414319
448,   4.01420021,  0.520604014
449,   3.95334268,   11.2277956
450,   3.99309158,   10.7465124
451,   4.04747105,   10.2570925
452,   4.10767365,    9.7619791
453,   4.16831875,   9.26270676
454,   4.22646523,   8.76018333
455,   4.28063965,   8.25496483
456,   4.33017349,   7.74743176
457,   4.37480259,   7.23787785
458,   4.41445875,   6.72655296
459,   4.44915152,    6.2136755
460,   4.47891283,   5.69944429
461,   4.50376844,   5.18404245
462,   4.52373314,   4.66763973
463,   4.53881359,   4.15039825
464,   4.54902267,    3.6324749
465,   4.55440044,   3.11402416
466,   4.55503416,   2.59519577
467,   4.55106163,    2.0761323
468,   4.54271889,   1.55696535
469,   4.53056288,   1.03781605
470,   4.51575661,  0.518794298
471,   4.38664818,    11.153862
472,   4.43131781,   10.6793594
473,   4.49205685,   10.1957397
474,   4.55919743,   9.70573902
475,   4.62681389,    9.2110815
476,   4.69165659,   8.71279049
477,   4.75209427,   8.21149445
478,   4.80738115,    7.7076211
479,   4.85722303,   7.20149946
480,   4.90154123,   6.69340754
481,   4.94034576,   6.18359089
482,   4.97367096,   5.67227077
483,   5.00154591,   5.15964842
484,   5.02398586,    4.6459136
485,   5.04099941,   4.13124657
486,   5.05259991,   3.61582255
487,    5.0588336,   3.09981251
488,   5.05979633,   2.58338261
489,   5.05564117,    2.0666914
490,   5.04663181,   1.54988432
491,   5.03339195,   1.03309298
492,   5.01721859,  0.516431451
493,    4.8173461,   11.0676785
494,    4.8671236,   10.6005077
495,   4.93437481,   10.1232433
496,    5.0085845,    9.6389122
497,   5.08329296,   9.14942741
498,   5.15494823,   8.65592575
499,    5.2217617,   8.15910912
500,   5.28291416,   7.65945196
501,   5.33808041,    7.1573205
502,   5.38717222,   6.65301991
503,    5.4302001,   6.14682102
504,   5.46720123,   5.63896799
505,   5.49820662,   5.12968254
506,   5.52323389,   4.61917353
507,   5.54229164,   4.10763836
508,   5.55539608,   3.59527087
509,   5.56259632,    3.0822587
510,   5.56399965,   2.56878471
511,   5.55977345,   2.05502272
512,   5.55020905,   1.54113269
513,   5.53599739,   1.02725625
514,   5.51856804,  0.513511896
515,   5.24502087,   10.9692078
516,   5.30011129,   10.5099087
517,   5.37404442,   10.0395498
518,    5.4554739,   9.56144428
519,    5.5374136,   9.07768917
520,   5.61601639,   8.58953857
521,   5.68933916,   8.09776115
522,    5.7564888,   7.60288191
523,   5.81711006,   7.10529947
524,   5.87110615,   6.60535049
525,   5.91848755,   6.10332966
526,    5.9592948,   5.59950352
527,   5.99356127,   5.09411526
528,   6.02130651,   4.58739185
529,    6.0425396,   4.07954931
530,   6.05727768,   3.57079792
531,    6.0655756,   3.06134367
532,   6.06754923,    2.5513854
533,   6.06338263,    2.0411129
534,   6.05339432,   1.53070021
535,   6.03834152,   1.02029896
536,   6.01978683,  0.510031939
537,   5.66923046,   10.8583755
538,   5.72985649,   10.4074774
539,   5.81066084,    9.9445734
540,   5.89947987,   9.47325039
541,   5.98881149,   8.99578762
542,   6.07451725,   8.51355076
543,   6.15450144,   8.02737808
544,   6.22779846,   7.53783941
545,    6.2940259,   7.04537106
546,   6.35307789,   6.55033779
547,   6.40496397,   6.05305958
548,   6.44972897,   5.55382586
549,   6.48740721,   5.05289936
550,   6.51802063,   4.55052662
551,   6.54157972,    4.0469408
552,   6.55810261,    3.5423708
553,   6.56764841,    3.0370388
554,   6.57034397,   2.53116083
555,   6.56638718,   2.02494287
556,   6.55612564,   1.51857221
557,   6.54038191,   1.01221073
558,     6.520854,  0.505986214
559,   6.08950186,   10.7350674
560,   6.15590382,   10.2930927
561,   6.24378681,   9.83819008
562,    6.3401866,    9.3742094
563,    6.4370923,   8.90360546
564,   6.53007698,   8.42785072
565,   6.61689615,   7.94785213
566,   6.69651556,   7.46422625
567,   6.76852274,    6.9774437
568,   6.83280277,   6.48789787
569,   6.88936663,   5.99593401
570,   6.93826103,   5.50186348
571,   6.97952461,      5.00597
572,    7.0131793,   4.50851822
573,   7.03923702,   4.00976086
574,   7.05771685,   3.50994349
575,   7.06868362,   3.00930476
576,   7.07227278,   2.50807858
577,   7.06869984,   2.00648594
578,   7.05833721,   1.50472867
579,   7.04207516,   1.00297844
580,   7.02174664,  0.501368165
581,   6.50532532,    10.599144
582,   6.57775927,    10.166605
583,    6.6729517,   9.72024918
584,   6.77714443,   9.26417542
585,   6.88182831,   8.80100346
586,   6.98229218,   8.33230686
587,   7.07614565,   7.85906076
588,   7.16228485,   7.38192606
589,   7.24026775,   6.90140724
590,   7.30997181,   6.41792774
591,   7.37141037,   5.93185759
592,   7.42463064,   5.44352913
593,   7.46967554,   4.95324802
594,   7.50656796,   4.46129704
595,   7.53532028,   3.96794677
596,   7.55595398,   3.47346067
597,   7.56853771,   2.97809482
598,   7.57321787,   2.48209977
599,   7.57022476,   1.98571157
600,   7.55995846,   1.48914659
601,   7.54337502,  0.992586911
602,   7.52244186,  0.496170402
603,   6.91616058,   10.4504614
604,   6.99490118,   10.0278645
605,   7.09765339,   9.59060192
606,   7.20987606,   9.14300251
607,   7.32256699,   8.68783951
608,   7.43073559,   8.22678566
609,     7.531847,   7.76087713
610,   7.62472725,   7.29082012
611,   7.70890808,   6.81715298
612,   7.78425884,   6.34032631
613,   7.85079288,   5.86073637
614,   7.90856075,   5.37873745
615,   7.95760918,   4.89465523
616,   7.99796104,   4.40879154
617,   8.02962875,   3.92143631
618,   8.05263805,   3.43286872
619,   8.06706047,   2.94336295
620,   8.07305336,   2.45318556
621,   8.07086182,   1.96258903
622,   8.06091309,   1.47180343
623,   8.04423046,  0.981021404
624,   8.02291584,   0.49038583
625,     7.321455,   10.2889214
626,   7.40679693,   9.87676525
627,   7.51738167,   9.44914055
628,   7.63789558,   9.01058578
629,   7.75884724,   8.56401443
630,   7.87497091,   8.11119175
631,   7.98358822,   7.65321207
632,   8.08345795,   7.19082499
633,   8.17408466,   6.72460175
634,   8.25532913,    6.2550211
635,   8.32720566,   5.78250313
636,   8.38976955,   5.30742693
637,   8.44306755,    4.8301363
638,    8.4871254,   4.35095358
639,   8.52195835,   3.87018538
640,   8.54759026,   3.38812923
641,   8.56409931,    2.9050765
642,   8.57165241,   2.42130971
643,   8.57050896,   1.93709767
644,    8.5611248,   1.45268428
645,      8.54459,  0.968272805
646,   8.52314186,  0.484010398
647,   7.72066832,   10.1145277
648,   7.81293106,   9.71330261
649,   7.93164539,   9.29585838
650,    8.0607357,    8.8669157
651,    8.1902256,   8.42951775
652,   8.31457901,   7.98551416
653,   8.43097687,   7.53605556
654,   8.53810883,   7.08193064
655,   8.63545322,   6.62374401
656,   8.72286415,   6.16200256
657,   8.80035591,   5.69715214
658,   8.86798668,   5.22959137
659,     8.925807,   4.75968647
660,   8.97384453,   4.28777742
661,   9.01211357,   3.81418991
662,   9.04063988,   3.33923912
663,   9.05950832,   2.86323309
664,   9.06889248,   2.38647056
665,   9.06906891,   1.90923655
666,   9.06052113,   1.43178916
667,   9.04440689,  0.954341531
668,   9.02309608,  0.477044702
669,   8.11328793,   9.92743111
670,   8.21283054,    9.5376091
671,   8.34000015,   9.13087463
672,   8.47797394,   8.71210575
673,   8.61630535,   8.28445816
674,   8.74918556,   7.84985447
675,   8.87365723,   7.40950108
676,   8.98834705,   6.96422577
677,   9.09270382,    6.5146637
678,   9.18657494,   6.06134987
679,   9.26997757,   5.60475302
680,   9.34296989,    5.1452961
681,   9.40560627,   4.68336487
682,   9.45791721,   4.21931744
683,   9.49991608,   3.75349879
684,   9.53163147,   3.28624082
685,   9.55315208,   2.81786871
686,   9.56466198,   2.34869862
687,   9.56645393,   1.87903047
688,   9.55903816,   1.40913677
689,   9.54363728,  0.939240336
690,   9.52275848,  0.469495207
691,   8.49879646,   9.72869301
692,   8.60582542,   9.35117149
693,   8.74164963,   8.95589256
694,   8.88875771,   8.54791641
695,    9.0362196,   8.13056946
696,   9.17794132,   7.70588923
697,   9.31081486,   7.27515173
698,   9.43339443,   6.83923054
699,   9.54510117,   6.39879608
700,   9.64577293,   5.95441151
701,     9.735425,   5.50656986
702,   9.81412125,   5.05571556
703,   9.88191605,   4.60225487
704,   9.93884182,   4.14656591
705,   9.98491383,    3.6890099
706,   10.0201607,   3.22993731
707,   10.0446777,   2.76969051
708,   10.0586586,   2.30860233
709,   10.0624084,   1.84698844
710,    10.056468,   1.38513517
711,   10.0421247,  0.923275173
712,   10.0220203,  0.461566061
713,   8.87373924,   9.52566051
714,   8.98826885,    9.1628933
715,   9.13302994,   8.78027534
716,   9.28969193,   8.38362217
717,   9.44674492,   7.97681618
718,   9.59777832,    7.5621891
719,   9.73953056,   7.14115572
720,   9.87048721,   6.71466017
721,   9.99003983,   6.28341484
722,   10.0980167,   5.84801006
723,   10.1944294,   5.40896463
724,   10.2793427,   4.96674442
725,   10.3528147,   4.52177525
726,    10.414875,   4.07445478
727,   10.4655399,    3.6251626
728,   10.5048428,   3.17426634
729,   10.5328808,   2.72212601
730,    10.549859,   2.26909089
731,   10.5560961,   1.81549287
732,   10.5521584,   1.36163366
733,   10.5394001,  0.907760859
734,   10.5206766,  0.453953922
735,   9.22694397,   9.33937836
736,   9.35035324,   8.99570751
737,    9.5056572,   8.62685394
738,   9.67331505,   8.24114895
739,   9.84112549,   7.84406281
740,   10.0024452,      7.43855
741,   10.1539593,   7.02625084
742,   10.2941456,   6.60819435
743,   10.4223976,   6.18512917
744,   10.5385418,   5.75767279
745,   10.6425886,   5.32636356
746,   10.7346029,   4.89168835
747,   10.8146391,    4.4540925
748,   10.8827305,   4.01399279
749,   10.9388914,   3.57178664
750,   10.9831619,   3.12785983
751,   11.0156422,   2.68258977
752,    11.036541,   2.23634291
753,   11.0461864,    1.7894702
754,   11.0451736,   1.34229696
755,   11.0350151,  0.895059705
756,   11.0186052,  0.447755605
757,   9.54027557,   9.20244694
758,   9.67858219,   8.88172436
759,   9.84903336,   8.52560139
760,   10.0309792,    8.1483345
761,   10.2119007,   7.75829983
762,   10.3852425,   7.35941505
763,   10.5479479,   6.95346403
764,   10.6986732,    6.5414834
765,   10.8368988,   6.12421989
766,   10.9624834,    5.7022953
767,    11.075449,   5.27626038
768,   11.1758595,   4.84661722
769,   11.2637739,    4.4138298
770,   11.3392239,   3.97833371
771,   11.4022274,   3.54054451
772,   11.4528246,   3.10086536
773,   11.4911175,   2.65969086
774,   11.5173111,    2.2174077
775,   11.5317526,   1.77439129
776,   11.5351429,   1.33099318
777,   11.5290022,  0.887481332
778,   11.5159931,  0.443925261
779,   12.5112486,  0.444929421
780,   13.0047665,  0.453386456
781,   13.4977283,  0.464064837
782,   13.9911757,  0.475863397
783,   14.4875164,  0.488287926
784,   12.5160542,  0.890788078
785,   13.0026226,  0.907302439
786,   13.4881306,  0.928245664
787,    13.974411,  0.951531708
788,   14.4651756,  0.976173818
789,   12.5116615,   1.33691549
790,   12.9906378,   1.36121607
791,   13.4680462,   1.39209747
792,   13.9462509,   1.42657018
793,   14.4296312,   1.46317339
794,   12.4962082,    1.7828145
795,   12.9669495,    1.8146441
796,   13.4355602,   1.85515893
797,   13.9048042,   1.90051007
798,   14.3794413,    1.9487803
799,   12.4685497,   2.22804093
800,   12.9304419,   2.26712656
801,   13.3895836,     2.316962
802,    13.849081,   2.37286568
803,   14.3139591,   2.43247747
804,   12.4280357,   2.67216444
805,   12.8804874,   2.71821022
806,   13.3295326,   2.77703571
807,   13.7785931,   2.84314394
808,   14.2329044,   2.91374397
809,   12.3743105,   3.11475611
810,   12.8167601,   3.16744375
811,   13.2551231,    3.2349062
812,   13.6931238,   3.31084824
813,   14.1361895,    3.3920567
814,   12.3072062,    3.5553863
815,   12.7391129,   3.61437488
816,   13.1662388,   3.69009972
817,   13.5926104,    3.7754817
818,   14.0238247,   3.86689472
819,   12.2266579,   3.99362326
820,   12.6475058,   4.05855083
821,   13.0628681,    4.1421423
822,   13.4770746,   4.23654842
823,   13.8958855,   4.33773947
824,   12.1326599,   4.42903042
825,   12.5419502,   4.49951649
826,   12.9450512,    4.5905571
827,   13.3465881,   4.69355202
828,   13.7524796,   4.80407381
829,   12.0252142,   4.86116028
830,   12.4224701,   4.93680573
831,   12.8128414,   5.03486395
832,   13.2012396,   5.14599371
833,   13.5937366,   5.26538229
834,   11.9043055,    5.2895484
835,   12.2890816,   5.36994123
836,   12.6662922,   5.47457075
837,   13.0411243,   5.59337091
838,   13.4197969,    5.7211504
839,   11.7698841,   5.71370554
840,    12.141777,   5.79842424
841,   12.5054426,   5.90917349
842,   12.8663368,   6.03517389
843,    13.230814,   6.17086506
844,   11.6218758,   6.13311291
845,   11.9805317,     6.221735
846,    12.330328,   6.33815241
847,   12.6769762,   6.47088528
848,   13.0269508,   6.61400986
849,    11.460207,   6.54722404
850,   11.8053179,   6.63933182
851,   12.1409845,   6.76097345
852,   12.4731445,    6.8999815
853,   12.8083801,   7.05007219
854,   11.2848396,   6.95547485
855,   11.6161451,   7.05066299
856,   11.9374781,   7.17710066
857,   12.2549744,   7.32193947
858,   12.5753021,   7.47854424
859,   11.0958605,    7.3572998
860,   11.4131107,    7.4551878
861,    11.719944,    7.5860095
862,   12.0226469,   7.73625135
863,   12.3279438,   7.89893055
864,   10.8935757,   7.75213432
865,   11.1964502,   7.85238457
866,   11.4886074,   7.98719978
867,   11.7764034,   8.14242744
868,   12.0665731,   8.31074905
869,   10.6788168,   8.13946247
870,     10.96661,   8.24171925
871,   11.2437134,   8.38008022
872,   11.5164108,   8.53985023
873,   11.7913523,   8.71338463
874,   10.4545078,   8.51641846
875,   10.7248087,   8.62080002
876,   10.9854889,   8.76273823
877,   11.2425175,   8.92699909
878,   11.5023031,   9.10584736
879,   10.2269545,   8.87378788
880,   10.4731789,   8.98319435
881,   10.7140808,    9.1309309
882,   10.9545355,   9.30134392
883,   11.1994801,   9.48680305
884,   10.0035563,   9.19589043
885,   10.2129784,   9.31980515
886,   10.4291573,   9.47967243
887,   10.6521959,   9.66027832
888,   10.8829765,   9.85499191
